{
  "Objects": [
    {
      "name": "msh_asteroid_04_s",
      "tag": "Untagged",
      "isActive": true,
      "instanceId": 66520,
      "transform": {
        "m00": -0.4492123,
        "m01": 0.856844068,
        "m02": -0.25303477,
        "m03": -182.377869,
        "m10": -0.0258168876,
        "m11": -0.29554975,
        "m12": -0.954978466,
        "m13": 50.97243,
        "m20": -0.8930519,
        "m21": -0.42245546,
        "m22": 0.15488565,
        "m23": 616.947754,
        "m30": 0.0,
        "m31": 0.0,
        "m32": 0.0,
        "m33": 1.0
      },
      "components": [
        {
          "meshName": "msh_asteroid_04_s.fbx",
          "type": "mesh"
        },
        {
          "minRotation": {
            "x": 0.08726646,
            "y": 0.05235988,
            "z": 0.0174532924
          },
          "maxRotation": {
            "x": 0.17453292,
            "y": 0.104719758,
            "z": 0.0349065848
          },
          "type": "randomRotation"
        }
      ],
      "type": "gameObject"
    },
    {
      "name": "msh_bridge_01 (11)",
      "tag": "Untagged",
      "isActive": true,
      "instanceId": -92226,
      "transform": {
        "m00": -0.04418695,
        "m01": 0.6053781,
        "m02": -0.7947105,
        "m03": -194.190353,
        "m10": -0.0410580635,
        "m11": 0.793715,
        "m12": 0.6069026,
        "m13": 10.8785667,
        "m20": 0.9981792,
        "m21": 0.0594464839,
        "m22": -0.0102162361,
        "m23": 696.524536,
        "m30": 0.0,
        "m31": 0.0,
        "m32": 0.0,
        "m33": 1.0
      },
      "components": [
        {
          "meshName": "msh_bridge_01.fbx",
          "type": "mesh"
        }
      ],
      "type": "gameObject"
    },
    {
      "name": "msh_asteroid_03_l",
      "tag": "Untagged",
      "isActive": true,
      "instanceId": 66528,
      "transform": {
        "m00": -0.545574665,
        "m01": 0.677144647,
        "m02": 0.493785173,
        "m03": -243.025391,
        "m10": 0.07056141,
        "m11": 0.624221444,
        "m12": -0.7780545,
        "m13": 64.18709,
        "m20": -0.8350867,
        "m21": -0.3896445,
        "m22": -0.388339758,
        "m23": 271.426239,
        "m30": 0.0,
        "m31": 0.0,
        "m32": 0.0,
        "m33": 1.0
      },
      "components": [
        {
          "meshName": "msh_asteroid_03_l.fbx",
          "type": "mesh"
        },
        {
          "minRotation": {
            "x": 0.08726646,
            "y": 0.05235988,
            "z": 0.0174532924
          },
          "maxRotation": {
            "x": 0.17453292,
            "y": 0.104719758,
            "z": 0.0349065848
          },
          "type": "randomRotation"
        }
      ],
      "type": "gameObject"
    },
    {
      "name": "msh_asteroid_03_s",
      "tag": "Untagged",
      "isActive": true,
      "instanceId": 66534,
      "transform": {
        "m00": -0.8001933,
        "m01": -0.423488379,
        "m02": 0.424675,
        "m03": -54.5598755,
        "m10": 0.0344154239,
        "m11": 0.674505,
        "m12": 0.737467766,
        "m13": 11.7126083,
        "m20": -0.5987544,
        "m21": 0.6047319,
        "m22": -0.525159836,
        "m23": 303.7727,
        "m30": 0.0,
        "m31": 0.0,
        "m32": 0.0,
        "m33": 1.0
      },
      "components": [
        {
          "meshName": "msh_asteroid_03_s.fbx",
          "type": "mesh"
        },
        {
          "minRotation": {
            "x": 0.08726646,
            "y": 0.05235988,
            "z": 0.0174532924
          },
          "maxRotation": {
            "x": 0.17453292,
            "y": 0.104719758,
            "z": 0.0349065848
          },
          "type": "randomRotation"
        }
      ],
      "type": "gameObject"
    },
    {
      "name": "msh_asteroid_04_s",
      "tag": "Untagged",
      "isActive": true,
      "instanceId": 66540,
      "transform": {
        "m00": -0.7674974,
        "m01": 0.623981237,
        "m02": 0.146954253,
        "m03": 181.772064,
        "m10": 0.0309874713,
        "m11": 0.265082657,
        "m12": -0.9637278,
        "m13": -47.0909042,
        "m20": -0.640303,
        "m21": -0.7351046,
        "m22": -0.22278595,
        "m23": 596.930237,
        "m30": 0.0,
        "m31": 0.0,
        "m32": 0.0,
        "m33": 1.0
      },
      "components": [
        {
          "meshName": "msh_asteroid_04_s.fbx",
          "type": "mesh"
        },
        {
          "minRotation": {
            "x": 0.08726646,
            "y": 0.05235988,
            "z": 0.0174532924
          },
          "maxRotation": {
            "x": 0.17453292,
            "y": 0.104719758,
            "z": 0.0349065848
          },
          "type": "randomRotation"
        }
      ],
      "type": "gameObject"
    },
    {
      "name": "msh_asteroid_01_s",
      "tag": "Untagged",
      "isActive": true,
      "instanceId": 66546,
      "transform": {
        "m00": -0.709085941,
        "m01": -0.685997665,
        "m02": -0.1631085,
        "m03": -180.828247,
        "m10": -0.0153466463,
        "m11": -0.21625042,
        "m12": 0.9762174,
        "m13": -356.861572,
        "m20": -0.7049551,
        "m21": 0.694725156,
        "m22": 0.142812252,
        "m23": 334.682861,
        "m30": 0.0,
        "m31": 0.0,
        "m32": 0.0,
        "m33": 1.0
      },
      "components": [
        {
          "meshName": "msh_asteroid_01_s.fbx",
          "type": "mesh"
        },
        {
          "minRotation": {
            "x": 0.08726646,
            "y": 0.05235988,
            "z": 0.0174532924
          },
          "maxRotation": {
            "x": 0.17453292,
            "y": 0.104719758,
            "z": 0.0349065848
          },
          "type": "randomRotation"
        }
      ],
      "type": "gameObject"
    },
    {
      "name": "msh_asteroid_03_m",
      "tag": "Untagged",
      "isActive": true,
      "instanceId": 66552,
      "transform": {
        "m00": -0.6371701,
        "m01": -0.7016082,
        "m02": 0.318999231,
        "m03": 185.987427,
        "m10": 0.008132398,
        "m11": 0.407752573,
        "m12": 0.913056254,
        "m13": 5.7741394,
        "m20": -0.7706805,
        "m21": 0.5843662,
        "m22": -0.254102,
        "m23": 681.080444,
        "m30": 0.0,
        "m31": 0.0,
        "m32": 0.0,
        "m33": 1.0
      },
      "components": [
        {
          "meshName": "msh_asteroid_03_m.fbx",
          "type": "mesh"
        },
        {
          "minRotation": {
            "x": 0.08726646,
            "y": 0.05235988,
            "z": 0.0174532924
          },
          "maxRotation": {
            "x": 0.17453292,
            "y": 0.104719758,
            "z": 0.0349065848
          },
          "type": "randomRotation"
        }
      ],
      "type": "gameObject"
    },
    {
      "name": "msh_asteroid_03_m",
      "tag": "Untagged",
      "isActive": true,
      "instanceId": 66558,
      "transform": {
        "m00": -0.740121245,
        "m01": 0.110754646,
        "m02": 0.6632904,
        "m03": 38.6537781,
        "m10": 0.094067,
        "m11": 0.993697643,
        "m12": -0.0609622225,
        "m13": -213.6359,
        "m20": -0.665861964,
        "m21": 0.0172743034,
        "m22": -0.745875,
        "m23": 230.740021,
        "m30": 0.0,
        "m31": 0.0,
        "m32": 0.0,
        "m33": 1.0
      },
      "components": [
        {
          "meshName": "msh_asteroid_03_m.fbx",
          "type": "mesh"
        },
        {
          "minRotation": {
            "x": 0.08726646,
            "y": 0.05235988,
            "z": 0.0174532924
          },
          "maxRotation": {
            "x": 0.17453292,
            "y": 0.104719758,
            "z": 0.0349065848
          },
          "type": "randomRotation"
        }
      ],
      "type": "gameObject"
    },
    {
      "name": "msh_asteroid_03_s",
      "tag": "Untagged",
      "isActive": true,
      "instanceId": 66564,
      "transform": {
        "m00": -0.976892233,
        "m01": 0.123958945,
        "m02": -0.174113885,
        "m03": -15.0715942,
        "m10": -0.0613046624,
        "m11": -0.9429152,
        "m12": -0.327341646,
        "m13": 144.633087,
        "m20": -0.204751566,
        "m21": -0.309103519,
        "m22": 0.9287259,
        "m23": 206.685425,
        "m30": 0.0,
        "m31": 0.0,
        "m32": 0.0,
        "m33": 1.0
      },
      "components": [
        {
          "meshName": "msh_asteroid_03_s.fbx",
          "type": "mesh"
        },
        {
          "minRotation": {
            "x": 0.08726646,
            "y": 0.05235988,
            "z": 0.0174532924
          },
          "maxRotation": {
            "x": 0.17453292,
            "y": 0.104719758,
            "z": 0.0349065848
          },
          "type": "randomRotation"
        }
      ],
      "type": "gameObject"
    },
    {
      "name": "msh_asteroid_03_s",
      "tag": "Untagged",
      "isActive": true,
      "instanceId": 66570,
      "transform": {
        "m00": -0.94861877,
        "m01": -0.27529484,
        "m02": -0.15599826,
        "m03": 218.414825,
        "m10": -0.00422021747,
        "m11": -0.481956124,
        "m12": 0.8761853,
        "m13": -135.407257,
        "m20": -0.316393584,
        "m21": 0.831824064,
        "m22": 0.4560306,
        "m23": 430.834961,
        "m30": 0.0,
        "m31": 0.0,
        "m32": 0.0,
        "m33": 1.0
      },
      "components": [
        {
          "meshName": "msh_asteroid_03_s.fbx",
          "type": "mesh"
        },
        {
          "minRotation": {
            "x": 0.08726646,
            "y": 0.05235988,
            "z": 0.0174532924
          },
          "maxRotation": {
            "x": 0.17453292,
            "y": 0.104719758,
            "z": 0.0349065848
          },
          "type": "randomRotation"
        }
      ],
      "type": "gameObject"
    },
    {
      "name": "msh_asteroid_04_s",
      "tag": "Untagged",
      "isActive": true,
      "instanceId": 66576,
      "transform": {
        "m00": -0.8646132,
        "m01": 0.2964502,
        "m02": 0.405661821,
        "m03": -192.047852,
        "m10": 0.04414998,
        "m11": 0.849090159,
        "m12": -0.5263998,
        "m13": -64.48177,
        "m20": -0.5004948,
        "m21": -0.437222183,
        "m22": -0.7472228,
        "m23": 263.4658,
        "m30": 0.0,
        "m31": 0.0,
        "m32": 0.0,
        "m33": 1.0
      },
      "components": [
        {
          "meshName": "msh_asteroid_04_s.fbx",
          "type": "mesh"
        },
        {
          "minRotation": {
            "x": 0.08726646,
            "y": 0.05235988,
            "z": 0.0174532924
          },
          "maxRotation": {
            "x": 0.17453292,
            "y": 0.104719758,
            "z": 0.0349065848
          },
          "type": "randomRotation"
        }
      ],
      "type": "gameObject"
    },
    {
      "name": "msh_asteroid_02_m",
      "tag": "Untagged",
      "isActive": true,
      "instanceId": 66582,
      "transform": {
        "m00": -0.950332165,
        "m01": -0.1522837,
        "m02": 0.271438539,
        "m03": -258.713074,
        "m10": 0.0106475875,
        "m11": 0.8557071,
        "m12": 0.517351,
        "m13": 83.98703,
        "m20": -0.311056018,
        "m21": 0.4945453,
        "m22": -0.8115846,
        "m23": 203.872284,
        "m30": 0.0,
        "m31": 0.0,
        "m32": 0.0,
        "m33": 1.0
      },
      "components": [
        {
          "meshName": "msh_asteroid_02_m.fbx",
          "type": "mesh"
        },
        {
          "minRotation": {
            "x": 0.08726646,
            "y": 0.05235988,
            "z": 0.0174532924
          },
          "maxRotation": {
            "x": 0.17453292,
            "y": 0.104719758,
            "z": 0.0349065848
          },
          "type": "randomRotation"
        }
      ],
      "type": "gameObject"
    },
    {
      "name": "msh_asteroid_03_s",
      "tag": "Untagged",
      "isActive": true,
      "instanceId": 66588,
      "transform": {
        "m00": -0.5101267,
        "m01": 0.0694109946,
        "m02": -0.857294142,
        "m03": -256.613281,
        "m10": -0.151627347,
        "m11": -0.9883853,
        "m12": 0.0101999231,
        "m13": -71.32104,
        "m20": -0.8466287,
        "m21": 0.135192469,
        "m22": 0.514726,
        "m23": 491.6388,
        "m30": 0.0,
        "m31": 0.0,
        "m32": 0.0,
        "m33": 1.0
      },
      "components": [
        {
          "meshName": "msh_asteroid_03_s.fbx",
          "type": "mesh"
        },
        {
          "minRotation": {
            "x": 0.08726646,
            "y": 0.05235988,
            "z": 0.0174532924
          },
          "maxRotation": {
            "x": 0.17453292,
            "y": 0.104719758,
            "z": 0.0349065848
          },
          "type": "randomRotation"
        }
      ],
      "type": "gameObject"
    },
    {
      "name": "msh_asteroid_01_m",
      "tag": "Untagged",
      "isActive": true,
      "instanceId": 66604,
      "transform": {
        "m00": -0.924047,
        "m01": 0.00106841326,
        "m02": -0.382277519,
        "m03": 141.238327,
        "m10": -0.04358175,
        "m11": -0.993770838,
        "m12": 0.102569014,
        "m13": -148.038361,
        "m20": -0.37978664,
        "m21": 0.1114389,
        "m22": 0.918337345,
        "m23": 542.6594,
        "m30": 0.0,
        "m31": 0.0,
        "m32": 0.0,
        "m33": 1.0
      },
      "components": [
        {
          "meshName": "msh_asteroid_01_m.fbx",
          "type": "mesh"
        },
        {
          "minRotation": {
            "x": 0.08726646,
            "y": 0.05235988,
            "z": 0.0174532924
          },
          "maxRotation": {
            "x": 0.17453292,
            "y": 0.104719758,
            "z": 0.0349065848
          },
          "type": "randomRotation"
        }
      ],
      "type": "gameObject"
    },
    {
      "name": "msh_asteroid_04_m",
      "tag": "Untagged",
      "isActive": true,
      "instanceId": 66610,
      "transform": {
        "m00": -0.736660838,
        "m01": 0.115275152,
        "m02": 0.6663653,
        "m03": -178.236938,
        "m10": 0.09965045,
        "m11": 0.9931116,
        "m12": -0.0616366565,
        "m13": 0.308235168,
        "m20": -0.6688803,
        "m21": 0.020998301,
        "m22": -0.7430736,
        "m23": 244.144623,
        "m30": 0.0,
        "m31": 0.0,
        "m32": 0.0,
        "m33": 1.0
      },
      "components": [
        {
          "meshName": "msh_asteroid_04_m.fbx",
          "type": "mesh"
        },
        {
          "minRotation": {
            "x": 0.08726646,
            "y": 0.05235988,
            "z": 0.0174532924
          },
          "maxRotation": {
            "x": 0.17453292,
            "y": 0.104719758,
            "z": 0.0349065848
          },
          "type": "randomRotation"
        }
      ],
      "type": "gameObject"
    },
    {
      "name": "msh_asteroid_04_m",
      "tag": "Untagged",
      "isActive": true,
      "instanceId": 66616,
      "transform": {
        "m00": -0.962466,
        "m01": 0.08780682,
        "m02": 0.256807029,
        "m03": -116.594696,
        "m10": 0.0549195223,
        "m11": 0.9896534,
        "m12": -0.132551581,
        "m13": 63.09029,
        "m20": -0.2657889,
        "m21": -0.113472633,
        "m22": -0.9573301,
        "m23": 265.6359,
        "m30": 0.0,
        "m31": 0.0,
        "m32": 0.0,
        "m33": 1.0
      },
      "components": [
        {
          "meshName": "msh_asteroid_04_m.fbx",
          "type": "mesh"
        },
        {
          "minRotation": {
            "x": 0.08726646,
            "y": 0.05235988,
            "z": 0.0174532924
          },
          "maxRotation": {
            "x": 0.17453292,
            "y": 0.104719758,
            "z": 0.0349065848
          },
          "type": "randomRotation"
        }
      ],
      "type": "gameObject"
    },
    {
      "name": "msh_asteroid_02_l",
      "tag": "Untagged",
      "isActive": true,
      "instanceId": 66622,
      "transform": {
        "m00": -0.827570558,
        "m01": -0.5459912,
        "m02": -0.130463064,
        "m03": 73.2370453,
        "m10": -0.0240203738,
        "m11": -0.197750092,
        "m12": 0.9799582,
        "m13": -139.578857,
        "m20": -0.5608476,
        "m21": 0.814118266,
        "m22": 0.1505372,
        "m23": 655.411865,
        "m30": 0.0,
        "m31": 0.0,
        "m32": 0.0,
        "m33": 1.0
      },
      "components": [
        {
          "meshName": "msh_asteroid_02_l.fbx",
          "type": "mesh"
        },
        {
          "minRotation": {
            "x": 0.08726646,
            "y": 0.05235988,
            "z": 0.0174532924
          },
          "maxRotation": {
            "x": 0.17453292,
            "y": 0.104719758,
            "z": 0.0349065848
          },
          "type": "randomRotation"
        }
      ],
      "type": "gameObject"
    },
    {
      "name": "msh_asteroid_01_m",
      "tag": "Untagged",
      "isActive": true,
      "instanceId": 66638,
      "transform": {
        "m00": -0.429905772,
        "m01": 0.5211974,
        "m02": -0.737247765,
        "m03": -223.102661,
        "m10": -0.08689077,
        "m11": -0.836650133,
        "m12": -0.5408018,
        "m13": -70.2695541,
        "m20": -0.8986829,
        "m21": -0.16843383,
        "m22": 0.404967964,
        "m23": 409.4029,
        "m30": 0.0,
        "m31": 0.0,
        "m32": 0.0,
        "m33": 1.0
      },
      "components": [
        {
          "meshName": "msh_asteroid_01_m.fbx",
          "type": "mesh"
        },
        {
          "minRotation": {
            "x": 0.08726646,
            "y": 0.05235988,
            "z": 0.0174532924
          },
          "maxRotation": {
            "x": 0.17453292,
            "y": 0.104719758,
            "z": 0.0349065848
          },
          "type": "randomRotation"
        }
      ],
      "type": "gameObject"
    },
    {
      "name": "msh_asteroid_04_m",
      "tag": "Untagged",
      "isActive": true,
      "instanceId": 66644,
      "transform": {
        "m00": -0.932268858,
        "m01": -0.301427335,
        "m02": -0.200042546,
        "m03": -211.640747,
        "m10": -0.0384990871,
        "m11": -0.4671557,
        "m12": 0.8833368,
        "m13": -56.00097,
        "m20": -0.35971278,
        "m21": 0.831208467,
        "m22": 0.423909545,
        "m23": 559.4105,
        "m30": 0.0,
        "m31": 0.0,
        "m32": 0.0,
        "m33": 1.0
      },
      "components": [
        {
          "meshName": "msh_asteroid_04_m.fbx",
          "type": "mesh"
        },
        {
          "minRotation": {
            "x": 0.08726646,
            "y": 0.05235988,
            "z": 0.0174532924
          },
          "maxRotation": {
            "x": 0.17453292,
            "y": 0.104719758,
            "z": 0.0349065848
          },
          "type": "randomRotation"
        }
      ],
      "type": "gameObject"
    },
    {
      "name": "msh_asteroid_01_m",
      "tag": "Untagged",
      "isActive": true,
      "instanceId": 66650,
      "transform": {
        "m00": -0.846799731,
        "m01": 0.23274377,
        "m02": 0.478289574,
        "m03": -97.5758362,
        "m10": 0.136965424,
        "m11": 0.964276731,
        "m12": -0.226739556,
        "m13": -165.057587,
        "m20": -0.513975739,
        "m21": -0.126493841,
        "m22": -0.8484272,
        "m23": 620.6472,
        "m30": 0.0,
        "m31": 0.0,
        "m32": 0.0,
        "m33": 1.0
      },
      "components": [
        {
          "meshName": "msh_asteroid_01_m.fbx",
          "type": "mesh"
        },
        {
          "minRotation": {
            "x": 0.08726646,
            "y": 0.05235988,
            "z": 0.0174532924
          },
          "maxRotation": {
            "x": 0.17453292,
            "y": 0.104719758,
            "z": 0.0349065848
          },
          "type": "randomRotation"
        }
      ],
      "type": "gameObject"
    },
    {
      "name": "msh_asteroid_04_m",
      "tag": "Untagged",
      "isActive": true,
      "instanceId": 66656,
      "transform": {
        "m00": -0.9353957,
        "m01": -0.2771406,
        "m02": -0.2196084,
        "m03": -19.3843689,
        "m10": -0.04054308,
        "m11": -0.5329057,
        "m12": 0.845202744,
        "m13": -8.851898,
        "m20": -0.3512706,
        "m21": 0.7995027,
        "m22": 0.487241626,
        "m23": 428.536316,
        "m30": 0.0,
        "m31": 0.0,
        "m32": 0.0,
        "m33": 1.0
      },
      "components": [
        {
          "meshName": "msh_asteroid_04_m.fbx",
          "type": "mesh"
        },
        {
          "minRotation": {
            "x": 0.08726646,
            "y": 0.05235988,
            "z": 0.0174532924
          },
          "maxRotation": {
            "x": 0.17453292,
            "y": 0.104719758,
            "z": 0.0349065848
          },
          "type": "randomRotation"
        }
      ],
      "type": "gameObject"
    },
    {
      "name": "msh_cover_02 (5)",
      "tag": "Untagged",
      "isActive": true,
      "instanceId": -92348,
      "transform": {
        "m00": 0.011790514,
        "m01": 0.310592741,
        "m02": 0.95047003,
        "m03": -54.5500031,
        "m10": -0.0360541344,
        "m11": -0.949786067,
        "m12": 0.310816437,
        "m13": -101.12,
        "m20": 0.9992804,
        "m21": -0.03793308,
        "m22": -4.76837158E-07,
        "m23": 363.93,
        "m30": 0.0,
        "m31": 0.0,
        "m32": 0.0,
        "m33": 1.0
      },
      "components": [
        {
          "meshName": "msh_cover_02.fbx",
          "type": "mesh"
        }
      ],
      "type": "gameObject"
    },
    {
      "name": "msh_platform_02 (4)",
      "tag": "Untagged",
      "isActive": true,
      "instanceId": -92356,
      "transform": {
        "m00": 0.866369545,
        "m01": 0.0,
        "m02": -0.4994035,
        "m03": 12.0,
        "m10": 0.0,
        "m11": 1.0,
        "m12": 0.0,
        "m13": -46.0,
        "m20": 0.4994035,
        "m21": 0.0,
        "m22": 0.866369545,
        "m23": 239.0,
        "m30": 0.0,
        "m31": 0.0,
        "m32": 0.0,
        "m33": 1.0
      },
      "components": [
        {
          "meshName": "msh_platform_02.fbx",
          "type": "mesh"
        }
      ],
      "type": "gameObject"
    },
    {
      "name": "msh_asteroid_04_l",
      "tag": "Untagged",
      "isActive": true,
      "instanceId": 66666,
      "transform": {
        "m00": -0.9482579,
        "m01": -0.2864762,
        "m02": 0.136889815,
        "m03": -7.318573,
        "m10": 0.02630715,
        "m11": 0.3587721,
        "m12": 0.933054447,
        "m13": -87.54806,
        "m20": -0.3164101,
        "m21": 0.8883772,
        "m22": -0.332672238,
        "m23": 130.164673,
        "m30": 0.0,
        "m31": 0.0,
        "m32": 0.0,
        "m33": 1.0
      },
      "components": [
        {
          "meshName": "msh_asteroid_04_l.fbx",
          "type": "mesh"
        },
        {
          "minRotation": {
            "x": 0.08726646,
            "y": 0.05235988,
            "z": 0.0174532924
          },
          "maxRotation": {
            "x": 0.17453292,
            "y": 0.104719758,
            "z": 0.0349065848
          },
          "type": "randomRotation"
        }
      ],
      "type": "gameObject"
    },
    {
      "name": "msh_asteroid_03_l",
      "tag": "Untagged",
      "isActive": true,
      "instanceId": 66672,
      "transform": {
        "m00": -0.7049726,
        "m01": -0.342454255,
        "m02": -0.621079,
        "m03": -9.448395,
        "m10": -0.07432039,
        "m11": -0.835212,
        "m12": 0.54488343,
        "m13": 65.8107147,
        "m20": -0.7053301,
        "m21": 0.430286616,
        "m22": 0.563349843,
        "m23": 422.719177,
        "m30": 0.0,
        "m31": 0.0,
        "m32": 0.0,
        "m33": 1.0
      },
      "components": [
        {
          "meshName": "msh_asteroid_03_l.fbx",
          "type": "mesh"
        },
        {
          "minRotation": {
            "x": 0.08726646,
            "y": 0.05235988,
            "z": 0.0174532924
          },
          "maxRotation": {
            "x": 0.17453292,
            "y": 0.104719758,
            "z": 0.0349065848
          },
          "type": "randomRotation"
        }
      ],
      "type": "gameObject"
    },
    {
      "name": "msh_asteroid_01_s",
      "tag": "Untagged",
      "isActive": true,
      "instanceId": 66678,
      "transform": {
        "m00": -0.8164556,
        "m01": -0.18476744,
        "m02": -0.5470481,
        "m03": -245.243622,
        "m10": -0.0353853256,
        "m11": -0.929628134,
        "m12": 0.366796881,
        "m13": 92.53549,
        "m20": -0.5763233,
        "m21": 0.318830758,
        "m22": 0.7524616,
        "m23": 472.957336,
        "m30": 0.0,
        "m31": 0.0,
        "m32": 0.0,
        "m33": 1.0
      },
      "components": [
        {
          "meshName": "msh_asteroid_01_s.fbx",
          "type": "mesh"
        },
        {
          "minRotation": {
            "x": 0.08726646,
            "y": 0.05235988,
            "z": 0.0174532924
          },
          "maxRotation": {
            "x": 0.17453292,
            "y": 0.104719758,
            "z": 0.0349065848
          },
          "type": "randomRotation"
        }
      ],
      "type": "gameObject"
    },
    {
      "name": "msh_turret_large_base",
      "tag": "Untagged",
      "isActive": true,
      "instanceId": -92382,
      "transform": {
        "m00": 0.87023735,
        "m01": 0.0,
        "m02": -0.492632747,
        "m03": -8.375763,
        "m10": 0.0,
        "m11": 1.0,
        "m12": 0.0,
        "m13": -44.58,
        "m20": 0.492632747,
        "m21": 0.0,
        "m22": 0.87023735,
        "m23": 200.275864,
        "m30": 0.0,
        "m31": 0.0,
        "m32": 0.0,
        "m33": 1.0
      },
      "components": [
        {
          "meshName": "msh_turret_large_base.fbx",
          "type": "mesh"
        }
      ],
      "type": "gameObject"
    },
    {
      "name": "msh_asteroid_01_s",
      "tag": "Untagged",
      "isActive": true,
      "instanceId": 66686,
      "transform": {
        "m00": -0.9949839,
        "m01": -0.09596519,
        "m02": 0.0282512382,
        "m03": -95.9957,
        "m10": 0.016605258,
        "m11": 0.120054007,
        "m12": 0.9926286,
        "m13": 81.81778,
        "m20": -0.0986494645,
        "m21": 0.9881184,
        "m22": -0.117858529,
        "m23": 339.666656,
        "m30": 0.0,
        "m31": 0.0,
        "m32": 0.0,
        "m33": 1.0
      },
      "components": [
        {
          "meshName": "msh_asteroid_01_s.fbx",
          "type": "mesh"
        },
        {
          "minRotation": {
            "x": 0.08726646,
            "y": 0.05235988,
            "z": 0.0174532924
          },
          "maxRotation": {
            "x": 0.17453292,
            "y": 0.104719758,
            "z": 0.0349065848
          },
          "type": "randomRotation"
        }
      ],
      "type": "gameObject"
    },
    {
      "name": "msh_asteroid_04_s",
      "tag": "Untagged",
      "isActive": true,
      "instanceId": 66692,
      "transform": {
        "m00": -0.918943167,
        "m01": -0.325820267,
        "m02": 0.222227573,
        "m03": -239.084229,
        "m10": 0.0470366478,
        "m11": 0.468907058,
        "m12": 0.881994247,
        "m13": -99.06542,
        "m20": -0.391575634,
        "m21": 0.820955157,
        "m22": -0.415573478,
        "m23": 489.908081,
        "m30": 0.0,
        "m31": 0.0,
        "m32": 0.0,
        "m33": 1.0
      },
      "components": [
        {
          "meshName": "msh_asteroid_04_s.fbx",
          "type": "mesh"
        },
        {
          "minRotation": {
            "x": 0.08726646,
            "y": 0.05235988,
            "z": 0.0174532924
          },
          "maxRotation": {
            "x": 0.17453292,
            "y": 0.104719758,
            "z": 0.0349065848
          },
          "type": "randomRotation"
        }
      ],
      "type": "gameObject"
    },
    {
      "name": "msh_asteroid_03_m",
      "tag": "Untagged",
      "isActive": true,
      "instanceId": 66698,
      "transform": {
        "m00": -0.943980336,
        "m01": 0.320883572,
        "m02": -0.07704134,
        "m03": 18.0562439,
        "m10": -0.0121025443,
        "m11": -0.266963,
        "m12": -0.963631,
        "m13": 58.0184364,
        "m20": -0.329780459,
        "m21": -0.908716,
        "m22": 0.255890965,
        "m23": 241.483337,
        "m30": 0.0,
        "m31": 0.0,
        "m32": 0.0,
        "m33": 1.0
      },
      "components": [
        {
          "meshName": "msh_asteroid_03_m.fbx",
          "type": "mesh"
        },
        {
          "minRotation": {
            "x": 0.08726646,
            "y": 0.05235988,
            "z": 0.0174532924
          },
          "maxRotation": {
            "x": 0.17453292,
            "y": 0.104719758,
            "z": 0.0349065848
          },
          "type": "randomRotation"
        }
      ],
      "type": "gameObject"
    },
    {
      "name": "msh_asteroid_04_l",
      "tag": "Untagged",
      "isActive": true,
      "instanceId": 66704,
      "transform": {
        "m00": -0.584318161,
        "m01": -0.668991864,
        "m02": 0.459371924,
        "m03": 179.923828,
        "m10": 0.0547531843,
        "m11": 0.5322708,
        "m12": 0.8448018,
        "m13": -385.712921,
        "m20": -0.8096757,
        "m21": 0.5187849,
        "m22": -0.274386048,
        "m23": 716.4155,
        "m30": 0.0,
        "m31": 0.0,
        "m32": 0.0,
        "m33": 1.0
      },
      "components": [
        {
          "meshName": "msh_asteroid_04_l.fbx",
          "type": "mesh"
        },
        {
          "minRotation": {
            "x": 0.08726646,
            "y": 0.05235988,
            "z": 0.0174532924
          },
          "maxRotation": {
            "x": 0.17453292,
            "y": 0.104719758,
            "z": 0.0349065848
          },
          "type": "randomRotation"
        }
      ],
      "type": "gameObject"
    },
    {
      "name": "msh_asteroid_02_m",
      "tag": "Untagged",
      "isActive": true,
      "instanceId": 66710,
      "transform": {
        "m00": -0.8428464,
        "m01": 0.513607,
        "m02": 0.1606804,
        "m03": 139.267792,
        "m10": 0.0506821126,
        "m11": 0.373006,
        "m12": -0.9264437,
        "m13": -73.82162,
        "m20": -0.5357627,
        "m21": -0.7727059,
        "m22": -0.3404175,
        "m23": 204.722412,
        "m30": 0.0,
        "m31": 0.0,
        "m32": 0.0,
        "m33": 1.0
      },
      "components": [
        {
          "meshName": "msh_asteroid_02_m.fbx",
          "type": "mesh"
        },
        {
          "minRotation": {
            "x": 0.08726646,
            "y": 0.05235988,
            "z": 0.0174532924
          },
          "maxRotation": {
            "x": 0.17453292,
            "y": 0.104719758,
            "z": 0.0349065848
          },
          "type": "randomRotation"
        }
      ],
      "type": "gameObject"
    },
    {
      "name": "msh_asteroid_02_l",
      "tag": "Untagged",
      "isActive": true,
      "instanceId": 62444,
      "transform": {
        "m00": -0.754710436,
        "m01": 0.241926461,
        "m02": 0.609823,
        "m03": 43.6470337,
        "m10": 0.0470618233,
        "m11": 0.9470949,
        "m12": -0.317484438,
        "m13": -360.6374,
        "m20": -0.654368162,
        "m21": -0.210909367,
        "m22": -0.7261679,
        "m23": 227.413727,
        "m30": 0.0,
        "m31": 0.0,
        "m32": 0.0,
        "m33": 1.0
      },
      "components": [
        {
          "meshName": "msh_asteroid_02_l.fbx",
          "type": "mesh"
        },
        {
          "minRotation": {
            "x": 0.08726646,
            "y": 0.05235988,
            "z": 0.0174532924
          },
          "maxRotation": {
            "x": 0.17453292,
            "y": 0.104719758,
            "z": 0.0349065848
          },
          "type": "randomRotation"
        }
      ],
      "type": "gameObject"
    },
    {
      "name": "msh_asteroid_03_l",
      "tag": "Untagged",
      "isActive": true,
      "instanceId": 64234,
      "transform": {
        "m00": -0.941231847,
        "m01": 0.0303398166,
        "m02": 0.3363961,
        "m03": -237.7398,
        "m10": 0.0190164614,
        "m11": 0.9991378,
        "m12": -0.0369051881,
        "m13": -45.2377243,
        "m20": -0.337225735,
        "m21": -0.02833927,
        "m22": -0.940997243,
        "m23": 527.6217,
        "m30": 0.0,
        "m31": 0.0,
        "m32": 0.0,
        "m33": 1.0
      },
      "components": [
        {
          "meshName": "msh_asteroid_03_l.fbx",
          "type": "mesh"
        },
        {
          "minRotation": {
            "x": 0.08726646,
            "y": 0.05235988,
            "z": 0.0174532924
          },
          "maxRotation": {
            "x": 0.17453292,
            "y": 0.104719758,
            "z": 0.0349065848
          },
          "type": "randomRotation"
        }
      ],
      "type": "gameObject"
    },
    {
      "name": "msh_asteroid_02_s",
      "tag": "Untagged",
      "isActive": true,
      "instanceId": 64240,
      "transform": {
        "m00": -0.884067059,
        "m01": 0.431471527,
        "m02": 0.179605559,
        "m03": -253.515747,
        "m10": 0.007532373,
        "m11": 0.397401929,
        "m12": -0.9176138,
        "m13": -291.7645,
        "m20": -0.467299819,
        "m21": -0.8098791,
        "m22": -0.354580045,
        "m23": 398.106171,
        "m30": 0.0,
        "m31": 0.0,
        "m32": 0.0,
        "m33": 1.0
      },
      "components": [
        {
          "meshName": "msh_asteroid_02_s.fbx",
          "type": "mesh"
        },
        {
          "minRotation": {
            "x": 0.08726646,
            "y": 0.05235988,
            "z": 0.0174532924
          },
          "maxRotation": {
            "x": 0.17453292,
            "y": 0.104719758,
            "z": 0.0349065848
          },
          "type": "randomRotation"
        }
      ],
      "type": "gameObject"
    },
    {
      "name": "msh_structure_01 (1)",
      "tag": "Inanimate",
      "isActive": true,
      "instanceId": 64252,
      "transform": {
        "m00": -0.991799951,
        "m01": 0.0,
        "m02": 0.127802238,
        "m03": -58.0,
        "m10": 0.0,
        "m11": 1.0,
        "m12": 0.0,
        "m13": -28.0,
        "m20": -0.127802238,
        "m21": 0.0,
        "m22": -0.991799951,
        "m23": 360.0,
        "m30": 0.0,
        "m31": 0.0,
        "m32": 0.0,
        "m33": 1.0
      },
      "components": [
        {
          "meshName": "msh_structure_01.fbx",
          "type": "mesh"
        },
        {
          "colliderData": {
            "center": {
              "x": 0.0,
              "y": 18.14,
              "z": -10.71
            },
            "radius": 12.0,
            "children": [
              {
                "center": {
                  "x": 0.0,
                  "y": -14.26,
                  "z": 0.0
                },
                "radius": 5.0,
                "children": []
              },
              {
                "center": {
                  "x": -0.26,
                  "y": -6.97,
                  "z": 7.22
                },
                "radius": 5.0,
                "children": []
              },
              {
                "center": {
                  "x": -3.26,
                  "y": -6.48,
                  "z": 3.05
                },
                "radius": 2.0,
                "children": []
              },
              {
                "center": {
                  "x": 0.0,
                  "y": -4.14,
                  "z": 4.1
                },
                "radius": 2.29,
                "children": []
              },
              {
                "center": {
                  "x": 0.0,
                  "y": -9.03,
                  "z": -5.51
                },
                "radius": 3.23,
                "children": []
              },
              {
                "center": {
                  "x": 0.0,
                  "y": -4.71,
                  "z": -5.51
                },
                "radius": 3.23,
                "children": []
              }
            ]
          },
          "type": "collider"
        }
      ],
      "type": "gameObject"
    },
    {
      "name": "msh_asteroid_01_m",
      "tag": "Untagged",
      "isActive": true,
      "instanceId": 64258,
      "transform": {
        "m00": -0.770763636,
        "m01": -0.5937333,
        "m02": -0.231094137,
        "m03": 24.628952,
        "m10": -0.0398441851,
        "m11": -0.3170867,
        "m12": 0.9475593,
        "m13": 109.935379,
        "m20": -0.635874331,
        "m21": 0.739551842,
        "m22": 0.220741987,
        "m23": 548.458252,
        "m30": 0.0,
        "m31": 0.0,
        "m32": 0.0,
        "m33": 1.0
      },
      "components": [
        {
          "meshName": "msh_asteroid_01_m.fbx",
          "type": "mesh"
        },
        {
          "minRotation": {
            "x": 0.08726646,
            "y": 0.05235988,
            "z": 0.0174532924
          },
          "maxRotation": {
            "x": 0.17453292,
            "y": 0.104719758,
            "z": 0.0349065848
          },
          "type": "randomRotation"
        }
      ],
      "type": "gameObject"
    },
    {
      "name": "msh_rockStructure_02 (1)",
      "tag": "Untagged",
      "isActive": true,
      "instanceId": -90060,
      "transform": {
        "m00": -0.0268968344,
        "m01": 0.0,
        "m02": 0.999638259,
        "m03": -71.0,
        "m10": 0.0,
        "m11": 1.0,
        "m12": 0.0,
        "m13": -8.0,
        "m20": -0.999638259,
        "m21": 0.0,
        "m22": -0.0268968344,
        "m23": 422.0,
        "m30": 0.0,
        "m31": 0.0,
        "m32": 0.0,
        "m33": 1.0
      },
      "components": [
        {
          "meshName": "msh_rockStructure_02.fbx",
          "type": "mesh"
        }
      ],
      "type": "gameObject"
    },
    {
      "name": "msh_asteroid_03_l",
      "tag": "Untagged",
      "isActive": true,
      "instanceId": 64266,
      "transform": {
        "m00": -0.750766158,
        "m01": -0.4606688,
        "m02": -0.473428458,
        "m03": 202.211151,
        "m10": -0.066294685,
        "m11": -0.660534859,
        "m12": 0.7478629,
        "m13": 83.90248,
        "m20": -0.657233,
        "m21": 0.5928559,
        "m22": 0.465367258,
        "m23": 198.548645,
        "m30": 0.0,
        "m31": 0.0,
        "m32": 0.0,
        "m33": 1.0
      },
      "components": [
        {
          "meshName": "msh_asteroid_03_l.fbx",
          "type": "mesh"
        },
        {
          "minRotation": {
            "x": 0.08726646,
            "y": 0.05235988,
            "z": 0.0174532924
          },
          "maxRotation": {
            "x": 0.17453292,
            "y": 0.104719758,
            "z": 0.0349065848
          },
          "type": "randomRotation"
        }
      ],
      "type": "gameObject"
    },
    {
      "name": "msh_asteroid_02_l",
      "tag": "Untagged",
      "isActive": true,
      "instanceId": 64272,
      "transform": {
        "m00": -0.740546346,
        "m01": 0.464124262,
        "m02": 0.485983223,
        "m03": -139.511017,
        "m10": 0.02772963,
        "m11": 0.7436727,
        "m12": -0.667968452,
        "m13": 58.8864326,
