{
  "Objects": [
    {
      "name": "msh_asteroid_01_m (13)",
      "tag": "Untagged",
      "isActive": true,
      "instanceId": 62066,
      "transform": {
        "m00": -0.881409049,
        "m01": -0.0291836821,
        "m02": -0.4714516,
        "m03": 118.600006,
        "m10": 0.107165694,
        "m11": 0.9597082,
        "m12": -0.259760767,
        "m13": -59.1000061,
        "m20": 0.460036784,
        "m21": -0.279478878,
        "m22": -0.8427681,
        "m23": 383.4,
        "m30": 0.0,
        "m31": 0.0,
        "m32": 0.0,
        "m33": 1.0
      },
      "components": [
        {
          "meshName": "msh_asteroid_01_m.fbx",
          "type": "mesh"
        },
        {
          "minRotation": {
            "x": 0.08726646,
            "y": 0.05235988,
            "z": 0.0174532924
          },
          "maxRotation": {
            "x": 0.17453292,
            "y": 0.104719758,
            "z": 0.0349065848
          },
          "type": "randomRotation"
        }
      ],
      "type": "gameObject"
    },
    {
      "name": "msh_asteroid_03_l",
      "tag": "Inanimate",
      "isActive": true,
      "instanceId": 60690,
      "transform": {
        "m00": -0.7236724,
        "m01": 0.675201,
        "m02": 0.142835677,
        "m03": 2.80651855,
        "m10": 0.00225096941,
        "m11": 0.209273219,
        "m12": -0.977854669,
        "m13": -62.5,
        "m20": -0.6901401,
        "m21": -0.7073248,
        "m22": -0.152965188,
        "m23": 174.1,
        "m30": 0.0,
        "m31": 0.0,
        "m32": 0.0,
        "m33": 1.0
      },
      "components": [
        {
          "meshName": "msh_asteroid_03_l.fbx",
          "type": "mesh"
        },
        {
          "minRotation": {
            "x": 0.08726646,
            "y": 0.05235988,
            "z": 0.0174532924
          },
          "maxRotation": {
            "x": 0.17453292,
            "y": 0.104719758,
            "z": 0.0349065848
          },
          "type": "randomRotation"
        },
        {
          "colliderData": {
            "center": {
              "x": 0.08,
              "y": 0.0,
              "z": 0.0
            },
            "radius": 2.77,
            "children": []
          },
          "type": "collider"
        }
      ],
      "type": "gameObject"
    },
    {
      "name": "msh_asteroid_03_l (44)",
      "tag": "Untagged",
      "isActive": true,
      "instanceId": 57882,
      "transform": {
        "m00": -0.7413014,
        "m01": 0.141638488,
        "m02": -0.6560569,
        "m03": 127.799988,
        "m10": 0.0509773269,
        "m11": -0.9627738,
        "m12": -0.265457749,
        "m13": -48.3916626,
        "m20": -0.669233441,
        "m21": -0.230228245,
        "m22": 0.706485331,
        "m23": 340.4,
        "m30": 0.0,
        "m31": 0.0,
        "m32": 0.0,
        "m33": 1.0
      },
      "components": [
        {
          "meshName": "msh_asteroid_03_l.fbx",
          "type": "mesh"
        },
        {
          "minRotation": {
            "x": 0.08726646,
            "y": 0.05235988,
            "z": 0.0174532924
          },
          "maxRotation": {
            "x": 0.17453292,
            "y": 0.104719758,
            "z": 0.0349065848
          },
          "type": "randomRotation"
        }
      ],
      "type": "gameObject"
    },
    {
      "name": "msh_asteroid_01_s (33)",
      "tag": "Untagged",
      "isActive": true,
      "instanceId": 60756,
      "transform": {
        "m00": 0.9394072,
        "m01": 0.157268316,
        "m02": 0.304599255,
        "m03": 135.357574,
        "m10": 0.0839394853,
        "m11": 0.755975962,
        "m12": -0.6491954,
        "m13": -70.7392,
        "m20": -0.332367569,
        "m21": 0.6354267,
        "m22": 0.696968257,
        "m23": 532.280334,
        "m30": 0.0,
        "m31": 0.0,
        "m32": 0.0,
        "m33": 1.0
      },
      "components": [
        {
          "meshName": "msh_asteroid_01_s.fbx",
          "type": "mesh"
        },
        {
          "minRotation": {
            "x": 0.08726646,
            "y": 0.05235988,
            "z": 0.0174532924
          },
          "maxRotation": {
            "x": 0.17453292,
            "y": 0.104719758,
            "z": 0.0349065848
          },
          "type": "randomRotation"
        }
      ],
      "type": "gameObject"
    },
    {
      "name": "msh_asteroid_03_m (49)",
      "tag": "Untagged",
      "isActive": true,
      "instanceId": 62034,
      "transform": {
        "m00": 0.829137266,
        "m01": -0.5568193,
        "m02": 0.0498360544,
        "m03": 114.229889,
        "m10": 0.136804253,
        "m11": 0.288525462,
        "m12": 0.9476485,
        "m13": -78.3304443,
        "m20": -0.542048,
        "m21": -0.7789129,
        "m22": 0.315402448,
        "m23": 487.9558,
        "m30": 0.0,
        "m31": 0.0,
        "m32": 0.0,
        "m33": 1.0
      },
      "components": [
        {
          "meshName": "msh_asteroid_03_m.fbx",
          "type": "mesh"
        },
        {
          "minRotation": {
            "x": 0.08726646,
            "y": 0.05235988,
            "z": 0.0174532924
          },
          "maxRotation": {
            "x": 0.17453292,
            "y": 0.104719758,
            "z": 0.0349065848
          },
          "type": "randomRotation"
        }
      ],
      "type": "gameObject"
    },
    {
      "name": "msh_bridge_01 (1)",
      "tag": "Untagged",
      "isActive": true,
      "instanceId": -83604,
      "transform": {
        "m00": -0.7448158,
        "m01": 1.01497051E-07,
        "m02": 0.667270064,
        "m03": -5.3,
        "m10": 2.02294444E-07,
        "m11": 1.0,
        "m12": 7.369588E-08,
        "m13": -44.9,
        "m20": -0.667270064,
        "m21": 1.898749E-07,
        "m22": -0.7448158,
        "m23": 413.1,
        "m30": 0.0,
        "m31": 0.0,
        "m32": 0.0,
        "m33": 1.0
      },
      "components": [
        {
          "meshName": "msh_bridge_01.fbx",
          "type": "mesh"
        }
      ],
      "type": "gameObject"
    },
    {
      "name": "msh_asteroid_02_s",
      "tag": "Untagged",
      "isActive": true,
      "instanceId": 58438,
      "transform": {
        "m00": -0.8469422,
        "m01": 0.5308677,
        "m02": -0.0294706225,
        "m03": 25.2126446,
        "m10": -0.00263044238,
        "m11": -0.0596117973,
        "m12": -0.9982182,
        "m13": -30.0,
        "m20": -0.531678557,
        "m21": -0.8453555,
        "m22": 0.0518841147,
        "m23": 93.6000061,
        "m30": 0.0,
        "m31": 0.0,
        "m32": 0.0,
        "m33": 1.0
      },
      "components": [
        {
          "meshName": "msh_asteroid_02_s.fbx",
          "type": "mesh"
        },
        {
          "minRotation": {
            "x": 0.08726646,
            "y": 0.05235988,
            "z": 0.0174532924
          },
          "maxRotation": {
            "x": 0.17453292,
            "y": 0.104719758,
            "z": 0.0349065848
          },
          "type": "randomRotation"
        }
      ],
      "type": "gameObject"
    },
    {
      "name": "msh_asteroid_04_l (77)",
      "tag": "Untagged",
      "isActive": true,
      "instanceId": 59108,
      "transform": {
        "m00": 0.846218765,
        "m01": -0.466679335,
        "m02": -0.25714618,
        "m03": 28.6854839,
        "m10": -0.124072418,
        "m11": -0.641913652,
        "m12": 0.7566724,
        "m13": -78.99884,
        "m20": -0.518189,
        "m21": -0.6084056,
        "m22": -0.6011014,
        "m23": 513.5932,
        "m30": 0.0,
        "m31": 0.0,
        "m32": 0.0,
        "m33": 1.0
      },
      "components": [
        {
          "meshName": "msh_asteroid_04_l.fbx",
          "type": "mesh"
        },
        {
          "minRotation": {
            "x": 0.08726646,
            "y": 0.05235988,
            "z": 0.0174532924
          },
          "maxRotation": {
            "x": 0.17453292,
            "y": 0.104719758,
            "z": 0.0349065848
          },
          "type": "randomRotation"
        }
      ],
      "type": "gameObject"
    },
    {
      "name": "msh_asteroid_04_s",
      "tag": "Untagged",
      "isActive": true,
      "instanceId": 60464,
      "transform": {
        "m00": -0.730247,
        "m01": -0.524230242,
        "m02": -0.4380895,
        "m03": -74.7320862,
        "m10": -0.060788542,
        "m11": -0.5888454,
        "m12": 0.8059567,
        "m13": -25.2999878,
        "m20": -0.6804737,
        "m21": 0.6151781,
        "m22": 0.398135126,
        "m23": 108.0,
        "m30": 0.0,
        "m31": 0.0,
        "m32": 0.0,
        "m33": 1.0
      },
      "components": [
        {
          "meshName": "msh_asteroid_04_s.fbx",
          "type": "mesh"
        },
        {
          "minRotation": {
            "x": 0.08726646,
            "y": 0.05235988,
            "z": 0.0174532924
          },
          "maxRotation": {
            "x": 0.17453292,
            "y": 0.104719758,
            "z": 0.0349065848
          },
          "type": "randomRotation"
        }
      ],
      "type": "gameObject"
    },
    {
      "name": "msh_asteroid_04_m",
      "tag": "Untagged",
      "isActive": true,
      "instanceId": 58748,
      "transform": {
        "m00": -0.8834927,
        "m01": 0.467807055,
        "m02": 0.0244411379,
        "m03": 47.0650635,
        "m10": 0.004114777,
        "m11": 0.0599229932,
        "m12": -0.9981945,
        "m13": -69.30002,
        "m20": -0.468427,
        "m21": -0.8817969,
        "m22": -0.0548664331,
        "m23": 139.799988,
        "m30": 0.0,
        "m31": 0.0,
        "m32": 0.0,
        "m33": 1.0
      },
      "components": [
        {
          "meshName": "msh_asteroid_04_m.fbx",
          "type": "mesh"
        },
        {
          "minRotation": {
            "x": 0.08726646,
            "y": 0.05235988,
            "z": 0.0174532924
          },
          "maxRotation": {
            "x": 0.17453292,
            "y": 0.104719758,
            "z": 0.0349065848
          },
          "type": "randomRotation"
        }
      ],
      "type": "gameObject"
    },
    {
      "name": "msh_pipe_03 (4)",
      "tag": "Untagged",
      "isActive": true,
      "instanceId": -83636,
      "transform": {
        "m00": -0.9998524,
        "m01": 1.014971E-07,
        "m02": -0.017182257,
        "m03": 39.9,
        "m10": 9.821964E-08,
        "m11": 1.0,
        "m12": 1.91590757E-07,
        "m13": -82.9,
        "m20": 0.017182257,
        "m21": 1.89874825E-07,
        "m22": -0.9998524,
        "m23": 268.8,
        "m30": 0.0,
        "m31": 0.0,
        "m32": 0.0,
        "m33": 1.0
      },
      "components": [
        {
          "meshName": "msh_pipe_03.fbx",
          "type": "mesh"
        }
      ],
      "type": "gameObject"
    },
    {
      "name": "msh_asteroid_04_m (17)",
      "tag": "Untagged",
      "isActive": true,
      "instanceId": 58476,
      "transform": {
        "m00": -0.241427422,
        "m01": 0.051118616,
        "m02": -0.969071746,
        "m03": -153.9,
        "m10": 0.158152357,
        "m11": 0.9873333,
        "m12": 0.0126810372,
        "m13": -33.0,
        "m20": 0.957445,
        "m21": -0.150199413,
        "m22": -0.246453762,
        "m23": 423.1,
        "m30": 0.0,
        "m31": 0.0,
        "m32": 0.0,
        "m33": 1.0
      },
      "components": [
        {
          "meshName": "msh_asteroid_04_m.fbx",
          "type": "mesh"
        },
        {
          "minRotation": {
            "x": 0.08726646,
            "y": 0.05235988,
            "z": 0.0174532924
          },
          "maxRotation": {
            "x": 0.17453292,
            "y": 0.104719758,
            "z": 0.0349065848
          },
          "type": "randomRotation"
        }
      ],
      "type": "gameObject"
    },
    {
      "name": "msh_asteroid_04_l (36)",
      "tag": "Untagged",
      "isActive": true,
      "instanceId": 59958,
      "transform": {
        "m00": -0.736655235,
        "m01": 0.6679917,
        "m02": -0.105482608,
        "m03": 165.299988,
        "m10": 0.0118877888,
        "m11": 0.168743968,
        "m12": 0.9855883,
        "m13": -63.7999878,
        "m20": 0.676164269,
        "m21": 0.7247846,
        "m22": -0.13224721,
        "m23": 422.9,
        "m30": 0.0,
        "m31": 0.0,
        "m32": 0.0,
        "m33": 1.0
      },
      "components": [
        {
          "meshName": "msh_asteroid_04_l.fbx",
          "type": "mesh"
        },
        {
          "minRotation": {
            "x": 0.08726646,
            "y": 0.05235988,
            "z": 0.0174532924
          },
          "maxRotation": {
            "x": 0.17453292,
            "y": 0.104719758,
            "z": 0.0349065848
          },
          "type": "randomRotation"
        }
      ],
      "type": "gameObject"
    },
    {
      "name": "msh_asteroid_04_s (18)",
      "tag": "Untagged",
      "isActive": true,
      "instanceId": 59878,
      "transform": {
        "m00": -0.347280264,
        "m01": -0.7399178,
        "m02": -0.5761235,
        "m03": 101.299988,
        "m10": 0.04883045,
        "m11": 0.599258661,
        "m12": -0.7990649,
        "m13": -10.5,
        "m20": 0.936489344,
        "m21": -0.305631757,
        "m22": -0.171980143,
        "m23": 420.2,
        "m30": 0.0,
        "m31": 0.0,
        "m32": 0.0,
        "m33": 1.0
      },
      "components": [
        {
          "meshName": "msh_asteroid_04_s.fbx",
          "type": "mesh"
        },
        {
          "minRotation": {
            "x": 0.08726646,
            "y": 0.05235988,
            "z": 0.0174532924
          },
          "maxRotation": {
            "x": 0.17453292,
            "y": 0.104719758,
            "z": 0.0349065848
          },
          "type": "randomRotation"
        }
      ],
      "type": "gameObject"
    },
    {
      "name": "msh_asteroid_01_s (24)",
      "tag": "Untagged",
      "isActive": true,
      "instanceId": 56794,
      "transform": {
        "m00": -0.698894262,
        "m01": 0.186480343,
        "m02": 0.6904867,
        "m03": -169.0,
        "m10": -0.04795158,
        "m11": 0.9510228,
        "m12": -0.305378973,
        "m13": -56.6987,
        "m20": -0.713615835,
        "m21": -0.2465375,
        "m22": -0.65572226,
        "m23": 171.480835,
        "m30": 0.0,
        "m31": 0.0,
        "m32": 0.0,
        "m33": 1.0
      },
      "components": [
        {
          "meshName": "msh_asteroid_01_s.fbx",
          "type": "mesh"
        },
        {
          "minRotation": {
            "x": 0.08726646,
            "y": 0.05235988,
            "z": 0.0174532924
          },
          "maxRotation": {
            "x": 0.17453292,
            "y": 0.104719758,
            "z": 0.0349065848
          },
          "type": "randomRotation"
        }
      ],
      "type": "gameObject"
    },
    {
      "name": "msh_asteroid_03_m (18)",
      "tag": "Untagged",
      "isActive": true,
      "instanceId": 60616,
      "transform": {
        "m00": -0.498522758,
        "m01": 0.8616302,
        "m02": 0.09522843,
        "m03": 131.5,
        "m10": -0.0108716786,
        "m11": -0.116057992,
        "m12": 0.993183,
        "m13": -40.2999878,
        "m20": 0.8668085,
        "m21": 0.494089037,
        "m22": 0.06722486,
        "m23": 429.2,
        "m30": 0.0,
        "m31": 0.0,
        "m32": 0.0,
        "m33": 1.0
      },
      "components": [
        {
          "meshName": "msh_asteroid_03_m.fbx",
          "type": "mesh"
        },
        {
          "minRotation": {
            "x": 0.08726646,
            "y": 0.05235988,
            "z": 0.0174532924
          },
          "maxRotation": {
            "x": 0.17453292,
            "y": 0.104719758,
            "z": 0.0349065848
          },
          "type": "randomRotation"
        }
      ],
      "type": "gameObject"
    },
    {
      "name": "msh_asteroid_02_m (61)",
      "tag": "Untagged",
      "isActive": true,
      "instanceId": 57454,
      "transform": {
        "m00": -0.7572453,
        "m01": -0.111835137,
        "m02": 0.643485,
        "m03": 151.9,
        "m10": 0.153247371,
        "m11": 0.9273037,
        "m12": 0.3415013,
        "m13": -73.63718,
        "m20": -0.6348979,
        "m21": 0.357212543,
        "m22": -0.685058,
        "m23": 332.3,
        "m30": 0.0,
        "m31": 0.0,
        "m32": 0.0,
        "m33": 1.0
      },
      "components": [
        {
          "meshName": "msh_asteroid_02_m.fbx",
          "type": "mesh"
        },
        {
          "minRotation": {
            "x": 0.08726646,
            "y": 0.05235988,
            "z": 0.0174532924
          },
          "maxRotation": {
            "x": 0.17453292,
            "y": 0.104719758,
            "z": 0.0349065848
          },
          "type": "randomRotation"
        }
      ],
      "type": "gameObject"
    },
    {
      "name": "msh_building_11 (2)",
      "tag": "Untagged",
      "isActive": true,
      "instanceId": -83690,
      "transform": {
        "m00": -0.9998524,
        "m01": 1.014971E-07,
        "m02": -0.017182257,
        "m03": 48.9,
        "m10": 9.821964E-08,
        "m11": 1.0,
        "m12": 1.91590757E-07,
        "m13": -59.1,
        "m20": 0.017182257,
        "m21": 1.89874825E-07,
        "m22": -0.9998524,
        "m23": 311.9,
        "m30": 0.0,
        "m31": 0.0,
        "m32": 0.0,
        "m33": 1.0
      },
      "components": [
        {
          "meshName": "msh_building_11.fbx",
          "type": "mesh"
        }
      ],
      "type": "gameObject"
    },
    {
      "name": "msh_asteroid_04_m (60)",
      "tag": "Untagged",
      "isActive": true,
      "instanceId": 57814,
      "transform": {
        "m00": -0.649098158,
        "m01": 0.6909938,
        "m02": -0.31811887,
        "m03": 164.200012,
        "m10": -0.06726819,
        "m11": -0.4686904,
        "m12": -0.880797744,
        "m13": -103.831818,
        "m20": -0.757724941,
        "m21": -0.5503247,
        "m22": 0.3507076,
        "m23": 385.4,
        "m30": 0.0,
        "m31": 0.0,
        "m32": 0.0,
        "m33": 1.0
      },
      "components": [
        {
          "meshName": "msh_asteroid_04_m.fbx",
          "type": "mesh"
        },
        {
          "minRotation": {
            "x": 0.08726646,
            "y": 0.05235988,
            "z": 0.0174532924
          },
          "maxRotation": {
            "x": 0.17453292,
            "y": 0.104719758,
            "z": 0.0349065848
          },
          "type": "randomRotation"
        }
      ],
      "type": "gameObject"
    },
    {
      "name": "msh_asteroid_01_m (15)",
      "tag": "Untagged",
      "isActive": true,
      "instanceId": 60130,
      "transform": {
        "m00": -0.427972078,
        "m01": 0.643658638,
        "m02": -0.6344635,
        "m03": 155.200012,
        "m10": 0.0934357941,
        "m11": 0.729749858,
        "m12": 0.677299738,
        "m13": -50.5,
        "m20": 0.898949444,
        "m21": 0.230583653,
        "m22": -0.372453332,
        "m23": 354.4,
        "m30": 0.0,
        "m31": 0.0,
        "m32": 0.0,
        "m33": 1.0
      },
      "components": [
        {
          "meshName": "msh_asteroid_01_m.fbx",
          "type": "mesh"
        },
        {
          "minRotation": {
            "x": 0.08726646,
            "y": 0.05235988,
            "z": 0.0174532924
          },
          "maxRotation": {
            "x": 0.17453292,
            "y": 0.104719758,
            "z": 0.0349065848
          },
          "type": "randomRotation"
        }
      ],
      "type": "gameObject"
    },
    {
      "name": "msh_asteroid_03_m (27)",
      "tag": "Untagged",
      "isActive": true,
      "instanceId": 62312,
      "transform": {
        "m00": 0.0404489636,
        "m01": -0.2881804,
        "m02": -0.956721544,
        "m03": 153.6,
        "m10": 0.1424993,
        "m11": 0.949381351,
        "m12": -0.279944718,
        "m13": -74.19998,
        "m20": 0.988968134,
        "m21": -0.125008658,
        "m22": 0.079467,
        "m23": 280.927948,
        "m30": 0.0,
        "m31": 0.0,
        "m32": 0.0,
        "m33": 1.0
      },
      "components": [
        {
          "meshName": "msh_asteroid_03_m.fbx",
          "type": "mesh"
        },
        {
          "minRotation": {
            "x": 0.08726646,
            "y": 0.05235988,
            "z": 0.0174532924
          },
          "maxRotation": {
            "x": 0.17453292,
            "y": 0.104719758,
            "z": 0.0349065848
          },
          "type": "randomRotation"
        }
      ],
      "type": "gameObject"
    },
    {
      "name": "msh_asteroid_03_l (7)",
      "tag": "Untagged",
      "isActive": true,
      "instanceId": 57082,
      "transform": {
        "m00": -0.573351145,
        "m01": 0.8042352,
        "m02": 0.1564425,
        "m03": -121.5,
        "m10": 0.4798846,
        "m11": 0.174880147,
        "m12": 0.8597254,
        "m13": -112.5,
        "m20": 0.664062738,
        "m21": 0.5679988,
        "m22": -0.486207843,
        "m23": 298.7,
        "m30": 0.0,
        "m31": 0.0,
        "m32": 0.0,
        "m33": 1.0
      },
      "components": [
        {
          "meshName": "msh_asteroid_03_l.fbx",
          "type": "mesh"
        },
        {
          "minRotation": {
            "x": 0.08726646,
            "y": 0.05235988,
            "z": 0.0174532924
          },
          "maxRotation": {
            "x": 0.17453292,
            "y": 0.104719758,
            "z": 0.0349065848
          },
          "type": "randomRotation"
        }
      ],
      "type": "gameObject"
    },
    {
      "name": "msh_asteroid_03_m (48)",
      "tag": "Untagged",
      "isActive": true,
      "instanceId": 56764,
      "transform": {
        "m00": 0.958323359,
        "m01": 0.2500513,
        "m02": -0.138168857,
        "m03": 83.767334,
        "m10": -0.149590254,
        "m11": 0.02716726,
        "m12": -0.9883748,
        "m13": -47.41977,
        "m20": -0.243390724,
        "m21": 0.9678514,
        "m22": 0.06344026,
        "m23": 528.1922,
        "m30": 0.0,
        "m31": 0.0,
        "m32": 0.0,
        "m33": 1.0
      },
      "components": [
        {
          "meshName": "msh_asteroid_03_m.fbx",
          "type": "mesh"
        },
        {
          "minRotation": {
            "x": 0.08726646,
            "y": 0.05235988,
            "z": 0.0174532924
          },
          "maxRotation": {
            "x": 0.17453292,
            "y": 0.104719758,
            "z": 0.0349065848
          },
          "type": "randomRotation"
        }
      ],
      "type": "gameObject"
    },
    {
      "name": "msh_rockStructure_04",
      "tag": "Untagged",
      "isActive": true,
      "instanceId": -83728,
      "transform": {
        "m00": -0.93733263,
        "m01": 1.01497108E-07,
        "m02": 0.3484357,
        "m03": -18.4,
        "m10": 1.612957E-07,
        "m11": 1.0,
        "m12": 1.426106E-07,
        "m13": -70.5,
        "m20": -0.3484357,
        "m21": 1.89874768E-07,
        "m22": -0.93733263,
        "m23": 408.2,
        "m30": 0.0,
        "m31": 0.0,
        "m32": 0.0,
        "m33": 1.0
      },
      "components": [
        {
          "meshName": "msh_rockStructure_04.fbx",
          "type": "mesh"
        }
      ],
      "type": "gameObject"
    },
    {
      "name": "msh_asteroid_04_l (44)",
      "tag": "Untagged",
      "isActive": true,
      "instanceId": 58252,
      "transform": {
        "m00": 0.289385855,
        "m01": 0.453154743,
        "m02": 0.843152761,
        "m03": 91.6000061,
        "m10": -0.117615923,
        "m11": -0.85733366,
        "m12": 0.5011443,
        "m13": -101.0,
        "m20": 0.949959159,
        "m21": -0.244192287,
        "m22": -0.194802046,
        "m23": 242.060364,
        "m30": 0.0,
        "m31": 0.0,
        "m32": 0.0,
        "m33": 1.0
      },
      "components": [
        {
          "meshName": "msh_asteroid_04_l.fbx",
          "type": "mesh"
        },
        {
          "minRotation": {
            "x": 0.08726646,
            "y": 0.05235988,
            "z": 0.0174532924
          },
          "maxRotation": {
            "x": 0.17453292,
            "y": 0.104719758,
            "z": 0.0349065848
          },
          "type": "randomRotation"
        }
      ],
      "type": "gameObject"
    },
    {
      "name": "msh_asteroid_04_l (25)",
      "tag": "Untagged",
      "isActive": true,
      "instanceId": -83742,
      "transform": {
        "m00": -0.67242837,
        "m01": 0.7327132,
        "m02": -0.104746014,
        "m03": 95.5,
        "m10": 0.025719285,
        "m11": 0.164562583,
        "m12": 0.986031353,
        "m13": -30.6000061,
        "m20": 0.739715457,
        "m21": 0.6603413,
        "m22": -0.129501462,
        "m23": 375.6,
        "m30": 0.0,
        "m31": 0.0,
        "m32": 0.0,
        "m33": 1.0
      },
      "components": [
        {
          "meshName": "msh_asteroid_04_l.fbx",
          "type": "mesh"
        }
      ],
      "type": "gameObject"
    },
    {
      "name": "msh_asteroid_02_s",
      "tag": "Untagged",
      "isActive": true,
      "instanceId": 57296,
      "transform": {
        "m00": -0.7731918,
        "m01": 0.3901047,
        "m02": 0.499993175,
        "m03": 18.5818768,
        "m10": 0.0223578811,
        "m11": 0.8046961,
        "m12": -0.593265831,
        "m13": -53.3999939,
        "m20": -0.633778334,
        "m21": -0.447529376,
        "m22": -0.630906463,
        "m23": 105.200012,
        "m30": 0.0,
        "m31": 0.0,
        "m32": 0.0,
        "m33": 1.0
      },
      "components": [
        {
          "meshName": "msh_asteroid_02_s.fbx",
          "type": "mesh"
        },
        {
          "minRotation": {
            "x": 0.08726646,
            "y": 0.05235988,
            "z": 0.0174532924
          },
          "maxRotation": {
            "x": 0.17453292,
            "y": 0.104719758,
            "z": 0.0349065848
          },
          "type": "randomRotation"
        }
      ],
      "type": "gameObject"
    },
    {
      "name": "msh_asteroid_01_m",
      "tag": "Untagged",
      "isActive": true,
      "instanceId": 58164,
      "transform": {
        "m00": -0.6044464,
        "m01": 0.253985047,
        "m02": 0.7550737,
        "m03": -43.02289,
        "m10": 0.08201482,
        "m11": 0.9626191,
        "m12": -0.258143425,
        "m13": -74.5,
        "m20": -0.792412937,
        "m21": -0.09410663,
        "m22": -0.602682233,
        "m23": 300.9,
        "m30": 0.0,
        "m31": 0.0,
        "m32": 0.0,
        "m33": 1.0
      },
      "components": [
        {
          "meshName": "msh_asteroid_01_m.fbx",
          "type": "mesh"
        },
        {
          "minRotation": {
            "x": 0.08726646,
            "y": 0.05235988,
            "z": 0.0174532924
          },
          "maxRotation": {
            "x": 0.17453292,
            "y": 0.104719758,
            "z": 0.0349065848
          },
          "type": "randomRotation"
        }
      ],
      "type": "gameObject"
    },
    {
      "name": "msh_asteroid_04_m (16)",
      "tag": "Untagged",
      "isActive": true,
      "instanceId": 58144,
      "transform": {
        "m00": -0.169247389,
        "m01": 0.298064739,
        "m02": -0.939421654,
        "m03": -120.3,
        "m10": 0.07152384,
        "m11": 0.9543736,
        "m12": 0.289923,
        "m13": -8.100006,
        "m20": 0.982975,
        "m21": -0.018122375,
        "m22": -0.182843924,
        "m23": 504.6,
        "m30": 0.0,
        "m31": 0.0,
        "m32": 0.0,
        "m33": 1.0
      },
      "components": [
        {
          "meshName": "msh_asteroid_04_m.fbx",
          "type": "mesh"
        },
        {
          "minRotation": {
            "x": 0.08726646,
            "y": 0.05235988,
            "z": 0.0174532924
          },
          "maxRotation": {
            "x": 0.17453292,
            "y": 0.104719758,
            "z": 0.0349065848
          },
          "type": "randomRotation"
        }
      ],
      "type": "gameObject"
    },
    {
      "name": "msh_asteroid_02_m (6)",
      "tag": "Untagged",
      "isActive": true,
      "instanceId": 57542,
      "transform": {
        "m00": -0.304664373,
        "m01": 0.9507057,
        "m02": 0.0577808321,
        "m03": -168.6,
        "m10": 0.5549465,
        "m11": 0.127880275,
        "m12": 0.821998358,
        "m13": -49.3999939,
        "m20": 0.774089336,
        "m21": 0.282498747,
        "m22": -0.566551447,
        "m23": 334.0,
        "m30": 0.0,
        "m31": 0.0,
        "m32": 0.0,
        "m33": 1.0
      },
      "components": [
        {
          "meshName": "msh_asteroid_02_m.fbx",
          "type": "mesh"
        },
        {
          "minRotation": {
            "x": 0.08726646,
            "y": 0.05235988,
            "z": 0.0174532924
          },
          "maxRotation": {
            "x": 0.17453292,
            "y": 0.104719758,
            "z": 0.0349065848
          },
          "type": "randomRotation"
        }
      ],
      "type": "gameObject"
    },
    {
      "name": "msh_asteroid_04_m (72)",
      "tag": "Untagged",
      "isActive": true,
      "instanceId": 56394,
      "transform": {
        "m00": 0.9621465,
        "m01": 0.2646454,
        "m02": -0.06509093,
        "m03": 29.5216656,
        "m10": -0.151553,
        "m11": 0.32105428,
        "m12": -0.934856057,
        "m13": -76.50067,
        "m20": -0.226507634,
        "m21": 0.9093332,
        "m22": 0.3490091,
        "m23": 527.571838,
        "m30": 0.0,
        "m31": 0.0,
        "m32": 0.0,
        "m33": 1.0
      },
      "components": [
        {
          "meshName": "msh_asteroid_04_m.fbx",
          "type": "mesh"
        },
        {
          "minRotation": {
            "x": 0.08726646,
            "y": 0.05235988,
            "z": 0.0174532924
          },
          "maxRotation": {
            "x": 0.17453292,
            "y": 0.104719758,
            "z": 0.0349065848
          },
          "type": "randomRotation"
        }
      ],
      "type": "gameObject"
    },
    {
      "name": "msh_asteroid_01_s (2)",
      "tag": "Untagged",
      "isActive": true,
      "instanceId": 58092,
      "transform": {
        "m00": -0.506032944,
        "m01": 0.721253037,
        "m02": -0.4729956,
        "m03": -179.3,
        "m10": 0.5314733,
        "m11": 0.692656159,
        "m12": 0.4876101,
        "m13": -14.3999939,
        "m20": 0.6793136,
        "m21": -0.004637763,
        "m22": -0.733833551,
        "m23": 382.8,
        "m30": 0.0,
        "m31": 0.0,
        "m32": 0.0,
        "m33": 1.0
      },
      "components": [
        {
          "meshName": "msh_asteroid_01_s.fbx",
          "type": "mesh"
        },
        {
          "minRotation": {
            "x": 0.08726646,
            "y": 0.05235988,
            "z": 0.0174532924
          },
          "maxRotation": {
            "x": 0.17453292,
            "y": 0.104719758,
            "z": 0.0349065848
          },
          "type": "randomRotation"
        }
      ],
      "type": "gameObject"
    },
    {
      "name": "msh_asteroid_01_s (39)",
      "tag": "Inanimate",
      "isActive": true,
      "instanceId": 59952,
      "transform": {
        "m00": -0.6862782,
        "m01": 0.3848142,
        "m02": -0.617203653,
        "m03": -18.88,
        "m10": -0.071687445,
        "m11": -0.880232334,
        "m12": -0.469097,
        "m13": -74.0,
        "m20": -0.723797739,
        "m21": -0.277685255,
        "m22": 0.6316706,
        "m23": 265.56,
        "m30": 0.0,
        "m31": 0.0,
        "m32": 0.0,
        "m33": 1.0
      },
      "components": [
        {
          "meshName": "msh_asteroid_01_s.fbx",
          "type": "mesh"
        },
        {
          "colliderData": {
            "center": {
              "x": 0.0,
              "y": 0.0,
              "z": 0.0
            },
            "radius": 0.84,
            "children": []
          },
          "type": "collider"
        },
        {
          "minRotation": {
            "x": 0.08726646,
            "y": 0.05235988,
            "z": 0.0174532924
          },
          "maxRotation": {
            "x": 0.17453292,
            "y": 0.104719758,
            "z": 0.0349065848
          },
          "type": "randomRotation"
        }
      ],
      "type": "gameObject"
    },
    {
      "name": "msh_asteroid_04_m (43)",
      "tag": "Untagged",
      "isActive": true,
      "instanceId": 61370,
      "transform": {
        "m00": -0.004933119,
        "m01": 0.298687458,
        "m02": 0.954338253,
        "m03": 110.200012,
        "m10": -0.009233072,
        "m11": -0.9543228,
        "m12": 0.2986349,
        "m13": -65.69998,
        "m20": 0.9999452,
        "m21": -0.00733828545,
        "m22": 0.00746554136,
        "m23": 300.053741,
        "m30": 0.0,
        "m31": 0.0,
        "m32": 0.0,
        "m33": 1.0
      },
      "components": [
        {
          "meshName": "msh_asteroid_04_m.fbx",
          "type": "mesh"
        },
        {
          "minRotation": {
            "x": 0.08726646,
            "y": 0.05235988,
            "z": 0.0174532924
          },
          "maxRotation": {
            "x": 0.17453292,
            "y": 0.104719758,
            "z": 0.0349065848
          },
          "type": "randomRotation"
        }
      ],
      "type": "gameObject"
    },
    {
      "name": "msh_asteroid_04_l (18)",
      "tag": "Untagged",
      "isActive": true,
      "instanceId": 56462,
      "transform": {
        "m00": -0.532775164,
        "m01": -0.521831751,
        "m02": 0.666215062,
        "m03": -166.9,
        "m10": -0.0903940946,
        "m11": -0.747653,
        "m12": -0.657908857,
        "m13": -4.600006,
        "m20": 0.8414153,
        "m21": -0.410739362,
        "m22": 0.3511603,
        "m23": 419.1,
        "m30": 0.0,
        "m31": 0.0,
        "m32": 0.0,
        "m33": 1.0
      },
      "components": [
        {
          "meshName": "msh_asteroid_04_l.fbx",
          "type": "mesh"
        },
        {
          "minRotation": {
            "x": 0.08726646,
            "y": 0.05235988,
            "z": 0.0174532924
          },
          "maxRotation": {
            "x": 0.17453292,
            "y": 0.104719758,
            "z": 0.0349065848
          },
          "type": "randomRotation"
        }
      ],
      "type": "gameObject"
    },
    {
      "name": "msh_asteroid_01_s (23)",
      "tag": "Untagged",
      "isActive": true,
      "instanceId": 57520,
      "transform": {
        "m00": -0.653473,
        "m01": 0.533604264,
        "m02": 0.5368798,
        "m03": -150.5,
        "m10": 0.08393939,
        "m11": 0.755975842,
        "m12": -0.649195433,
        "m13": -70.7392,
        "m20": -0.752281547,
        "m21": -0.379166245,
        "m22": -0.53880024,
        "m23": 163.025818,
        "m30": 0.0,
        "m31": 0.0,
        "m32": 0.0,
        "m33": 1.0
      },
      "components": [
        {
          "meshName": "msh_asteroid_01_s.fbx",
          "type": "mesh"
        },
        {
          "minRotation": {
            "x": 0.08726646,
            "y": 0.05235988,
            "z": 0.0174532924
          },
          "maxRotation": {
            "x": 0.17453292,
            "y": 0.104719758,
            "z": 0.0349065848
          },
          "type": "randomRotation"
        }
      ],
      "type": "gameObject"
    },
    {
      "name": "msh_asteroid_03_s (14)",
      "tag": "Untagged",
      "isActive": true,
      "instanceId": 58572,
      "transform": {
        "m00": -0.698398352,
        "m01": 0.578602135,
        "m02": 0.421259463,
        "m03": -138.7,
        "m10": 0.191083655,
        "m11": 0.7179663,
        "m12": -0.6693366,
        "m13": -63.2008667,
        "m20": -0.689729631,
        "m21": -0.386967719,
        "m22": -0.6119878,
        "m23": 253.545166,
        "m30": 0.0,
        "m31": 0.0,
        "m32": 0.0,
        "m33": 1.0
      },
      "components": [
        {
          "meshName": "msh_asteroid_03_s.fbx",
          "type": "mesh"
        },
        {
          "minRotation": {
            "x": 0.08726646,
            "y": 0.05235988,
            "z": 0.0174532924
          },
          "maxRotation": {
            "x": 0.17453292,
            "y": 0.104719758,
            "z": 0.0349065848
          },
          "type": "randomRotation"
        }
      ],
      "type": "gameObject"
    },
    {
      "name": "msh_asteroid_04_m",
      "tag": "Untagged",
      "isActive": true,
      "instanceId": 57348,
      "transform": {
        "m00": -0.958966732,
        "m01": -0.23467499,
        "m02": -0.159093678,
        "m03": 13.8753948,
        "m10": -0.0381310955,
        "m11": -0.449286819,
        "m12": 0.892573535,
        "m13": -95.3999939,
        "m20": -0.280943364,
        "m21": 0.8620146,
        "m22": 0.421902478,
        "m23": 301.7,
        "m30": 0.0,
        "m31": 0.0,
        "m32": 0.0,
        "m33": 1.0
      },
      "components": [
        {
          "meshName": "msh_asteroid_04_m.fbx",
          "type": "mesh"
        },
        {
          "minRotation": {
            "x": 0.08726646,
            "y": 0.05235988,
            "z": 0.0174532924
          },
          "maxRotation": {
            "x": 0.17453292,
            "y": 0.104719758,
            "z": 0.0349065848
          },
          "type": "randomRotation"
        }
      ],
      "type": "gameObject"
    },
    {
      "name": "msh_asteroid_03_l (54)",
      "tag": "Untagged",
      "isActive": true,
      "instanceId": 57030,
      "transform": {
        "m00": 0.9115651,
        "m01": 0.131118238,
        "m02": -0.3896884,
        "m03": 101.968445,
        "m10": -0.361228645,
        "m11": -0.197278738,
        "m12": -0.9113699,
        "m13": -63.2813721,
        "m20": -0.196374446,
        "m21": 0.9715396,
        "m22": -0.13246882,
        "m23": 518.27124,
        "m30": 0.0,
        "m31": 0.0,
        "m32": 0.0,
        "m33": 1.0
      },
      "components": [
        {
          "meshName": "msh_asteroid_03_l.fbx",
          "type": "mesh"
        },
        {
          "minRotation": {
            "x": 0.08726646,
            "y": 0.05235988,
            "z": 0.0174532924
          },
          "maxRotation": {
            "x": 0.17453292,
            "y": 0.104719758,
            "z": 0.0349065848
          },
          "type": "randomRotation"
        }
      ],
      "type": "gameObject"
    },
    {
      "name": "msh_asteroid_02_s (23)",
      "tag": "Untagged",
      "isActive": true,
      "instanceId": 59184,
      "transform": {
        "m00": 0.144016027,
        "m01": -0.98783803,
        "m02": 0.05861193,
        "m03": 80.5,
        "m10": -0.002629906,
        "m11": -0.05961132,
        "m12": -0.9982182,
        "m13": -71.69998,
        "m20": 0.989571869,
        "m21": 0.143605322,
        "m22": -0.0111829042,
        "m23": 267.315033,
        "m30": 0.0,
        "m31": 0.0,
        "m32": 0.0,
        "m33": 1.0
      },
      "components": [
        {
          "meshName": "msh_asteroid_02_s.fbx",
          "type": "mesh"
        },
        {
          "minRotation": {
            "x": 0.08726646,
            "y": 0.05235988,
            "z": 0.0174532924
          },
          "maxRotation": {
            "x": 0.17453292,
            "y": 0.104719758,
            "z": 0.0349065848
          },
          "type": "randomRotation"
        }
      ],
      "type": "gameObject"
    },
    {
      "name": "msh_asteroid_03_s (4)",
      "tag": "Untagged",
      "isActive": true,
